"","state","county","percent_of_adults_with_less_than_a_high_school_diploma_2014_18","percent_of_adults_with_a_high_school_diploma_only_2014_18","percent_of_adults_completing_some_college_or_associates_degree_2014_18","percent_of_adults_with_a_bachelors_degree_or_higher_2014_18"
"1","AL","Alabama",14.2,30.9,29.9,24.9
"2","AL","Autauga County",11.3,32.6,28.4,27.7
"3","AL","Baldwin County",9.7,27.6,31.3,31.3
"4","AL","Barbour County",27,35.7,25.1,12.2
"5","AL","Bibb County",16.8,47.3,24.4,11.5
"6","AL","Blount County",19.8,34,33.5,12.6
"7","AL","Bullock County",24.8,39.7,22.3,13.3
"8","AL","Butler County",15.4,43.9,24.6,16.1
"9","AL","Calhoun County",15.9,32.4,33.7,18
"10","AL","Chambers County",18.6,38.4,29.7,13.2
"11","AL","Cherokee County",19.8,38.3,29,12.9
"12","AL","Chilton County",17.8,44.1,24,14.2
"13","AL","Choctaw County",18.6,38.2,30.2,13
"14","AL","Clarke County",18.8,43.7,24.9,12.6
"15","AL","Clay County",24.5,36.3,29.1,10.2
"16","AL","Cleburne County",22.6,39.6,24.1,13.7
"17","AL","Coffee County",13.8,27.9,34.9,23.4
"18","AL","Colbert County",15.6,36,29.7,18.7
"19","AL","Conecuh County",19.2,48.8,21.3,10.7
"20","AL","Coosa County",20.4,38.6,29.5,11.6
"21","AL","Covington County",17.1,35.4,32.5,14.9
"22","AL","Crenshaw County",21.6,38.8,24,15.6
"23","AL","Cullman County",18.2,35.6,32.4,13.7
"24","AL","Dale County",14.2,32.7,36.1,17
"25","AL","Dallas County",19.3,35.2,30.4,15.1
"26","AL","DeKalb County",25.9,33.3,28.1,12.7
"27","AL","Elmore County",13.6,32.8,29,24.5
"28","AL","Escambia County",18.5,44.5,24.4,12.7
"29","AL","Etowah County",15.5,32.9,33.9,17.7
"30","AL","Fayette County",17.6,41.5,27.9,12.9
"31","AL","Franklin County",23.2,36.8,27.1,12.9
"32","AL","Geneva County",20.9,37.2,30.8,11.1
"33","AL","Greene County",24.1,36.8,29,10.1
"34","AL","Hale County",16.4,42.6,26.9,14.1
"35","AL","Henry County",19.8,33.5,28.7,18
"36","AL","Houston County",14.3,31.6,33,21
"37","AL","Jackson County",17.5,40.8,27.5,14.2
"38","AL","Jefferson County",10.3,26.8,30.6,32.4
"39","AL","Lamar County",17.6,39.9,30,12.5
"40","AL","Lauderdale County",12.6,36,27.5,23.9
"41","AL","Lawrence County",21,41.5,25.8,11.7
"42","AL","Lee County",9.5,24.1,32.3,34.1
"43","AL","Limestone County",15.7,30.3,28.5,25.5
"44","AL","Lowndes County",22.5,38.6,24.8,14.1
"45","AL","Macon County",18.3,30.1,30.9,20.7
"46","AL","Madison County",8.9,20.8,28.6,41.7
"47","AL","Marengo County",16.2,39.8,28.6,15.4
"48","AL","Marion County",20.3,34.8,31.7,13.1
"49","AL","Marshall County",19.1,31.1,30.5,19.2
"50","AL","Mobile County",13.8,33.5,29.8,22.9
"51","AL","Monroe County",16.3,46.1,23.5,14.1
"52","AL","Montgomery County",14.4,25.5,28,32.1
"53","AL","Morgan County",16.7,29.6,32,21.7
"54","AL","Perry County",21.9,39.4,22.9,15.7
"55","AL","Pickens County",19.4,36.7,30.4,13.5
"56","AL","Pike County",19,33.3,24.2,23.6
"57","AL","Randolph County",21.2,36.3,27.5,14.9
"58","AL","Russell County",16.7,32.3,34.5,16.5
"59","AL","St. Clair County",15.2,36,32.3,16.5
"60","AL","Shelby County",7.8,20.3,29.7,42.1
"61","AL","Sumter County",15.8,37.8,24.6,21.8
"62","AL","Talladega County",19,34.9,31.8,14.3
"63","AL","Tallapoosa County",19.5,32.9,29.2,18.3
"64","AL","Tuscaloosa County",11.6,29.9,28.3,30.3
"65","AL","Walker County",19.1,37.1,32.2,11.6
"66","AL","Washington County",19.6,43.2,26.1,11.1
"67","AL","Wilcox County",23.1,40.3,24.1,12.5
"68","AL","Winston County",21.9,37.4,27.3,13.5
"69","AK","Alaska",7.3,28,35.5,29.2
"70","AK","Aleutian Islands",NA,NA,NA,NA
"71","AK","Aleutians East Borough",13.6,40.2,33.4,12.7
"72","AK","Aleutians West Census Area",11.2,40.5,31.9,16.4
"73","AK","Anchorage Municipality",6.2,23.8,34.7,35.3
"74","AK","Bethel Census Area",18.6,45.2,23.9,12.3
"75","AK","Bristol Bay Borough",5.6,34.9,37.2,22.3
"76","AK","Denali Borough",1.6,26.1,28.8,43.5
"77","AK","Dillingham Census Area",12.7,39.2,28.8,19.3
"78","AK","Fairbanks North Star Borough",5.5,22.3,39.7,32.6
"79","AK","Haines Borough",3,30,29.5,37.4
"80","AK","Hoonah-Angoon Census Area",8.5,35.6,32.5,23.4
"81","AK","Juneau City and Borough",3.9,20.4,36.2,39.5
"82","AK","Kenai Peninsula Borough",7.2,32.2,37.3,23.3
"83","AK","Ketchikan Gateway Borough",7.3,29.9,38.3,24.5
"84","AK","Kodiak Island Borough",10.1,31.3,32.6,26
"85","AK","Kusilvak Census Area",22.3,53.6,19.3,4.8
"86","AK","Kuskokwim Division",NA,NA,NA,NA
"87","AK","Lake and Peninsula Borough",14.5,41.9,27.9,15.8
"88","AK","Matanuska-Susitna Borough",7.6,32.2,39,21.2
"89","AK","Nome Census Area",15.9,42.9,26.6,14.6
"90","AK","North Slope Borough",10.2,43,30.2,16.6
"91","AK","Northwest Arctic Borough",18.1,47.3,22.8,11.7
"92","AK","Petersburg Census Area",10.3,31.9,30.3,27.6
"93","AK","Prince of Wales-Hyder Census Area",9.8,37.3,35.3,17.6
"94","AK","Prince of Wales-Outer Ketchikan Census Area",NA,NA,NA,NA
"95","AK","Sitka City and Borough",6,28.3,33,32.6
"96","AK","Skagway Municipality",6.3,23.4,36.6,33.7
"97","AK","Skagway-Yakutat-Angoon Census Area",NA,NA,NA,NA
"98","AK","Skagway-Hoonah-Angoon Census Area",NA,NA,NA,NA
"99","AK","Southeast Fairbanks Census Area",9.8,32.6,38.5,19.1
"100","AK","Upper Yukon Division",NA,NA,NA,NA
"101","AK","Valdez-Cordova Census Area",4,32.7,32.7,30.6
"102","AK","Wrangell City and Borough",11.7,37.6,30,20.7
"103","AK","Wrangell-Petersburg Census Area",NA,NA,NA,NA
"104","AK","Yakutat City and Borough",8.2,38.4,33.5,20
"105","AK","Yukon-Koyukuk Census Area",14.3,40.3,32,13.4
"106","AZ","Arizona",13.2,24,33.9,28.9
"107","AZ","Apache County",20.4,33.1,34.8,11.7
"108","AZ","Cochise County",12.8,23.5,40.7,23
"109","AZ","Coconino County",10.4,21.4,32.6,35.6
"110","AZ","Gila County",14.7,28.6,38.2,18.5
"111","AZ","Graham County",14.4,29.9,40.5,15.3
"112","AZ","Greenlee County",11,36.2,40.9,11.9
"113","AZ","La Paz County",22.7,33,32,12.4
"114","AZ","Maricopa County",12.6,22.6,32.8,32
"115","AZ","Mohave County",14.7,34.8,37.6,12.9
"116","AZ","Navajo County",17.2,30.1,36.9,15.8
"117","AZ","Pima County",11.7,22.5,34,31.9
"118","AZ","Pinal County",14.6,29.7,36.8,19
"119","AZ","Santa Cruz County",24.4,27.2,27.4,21
"120","AZ","Yavapai County",9.7,25.7,39.4,25.2
"121","AZ","Yuma County",27.9,25.9,31.4,14.8
"122","AR","Arkansas",13.8,34.1,29.5,22.6
"123","AR","Arkansas County",17,38.3,29.2,15.5
"124","AR","Ashley County",17.7,39.9,29.2,13.2
"125","AR","Baxter County",11.8,35,34.8,18.3
"126","AR","Benton County",11.9,29.1,26.5,32.4
"127","AR","Boone County",13,33.8,37.2,16
"128","AR","Bradley County",18,41.6,25.1,15.2
"129","AR","Calhoun County",17.3,43.6,27,12.1
"130","AR","Carroll County",14.2,34.6,30.8,20.4
"131","AR","Chicot County",19.3,39.2,26.7,14.7
"132","AR","Clark County",10.8,30.5,31,27.6
"133","AR","Clay County",19.3,41.2,27.8,11.6
"134","AR","Cleburne County",15.3,40.7,29.1,14.9
"135","AR","Cleveland County",11.4,47.2,25.2,16.2
"136","AR","Columbia County",15,39.9,24.5,20.6
"137","AR","Conway County",14.1,43.4,26.5,16
"138","AR","Craighead County",10.9,34.1,28.7,26.3
"139","AR","Crawford County",14.8,37.4,32.4,15.3
"140","AR","Crittenden County",17.6,35,29.4,18
"141","AR","Cross County",17.2,41.5,25.8,15.4
"142","AR","Dallas County",16.4,43.4,26.6,13.7
"143","AR","Desha County",21.2,44,22.4,12.4
"144","AR","Drew County",14.9,35.4,29.1,20.6
"145","AR","Faulkner County",8.7,30.5,30.7,30
"146","AR","Franklin County",17.4,40.1,30.7,11.8
"147","AR","Fulton County",15.4,37.2,35.6,11.8
"148","AR","Garland County",11.6,31.5,36.7,20.2
"149","AR","Grant County",8.5,44.2,29,18.3
"150","AR","Greene County",12.7,44.2,27.2,15.9
"151","AR","Hempstead County",19,36.9,28.9,15.1
"152","AR","Hot Spring County",14.6,39.6,31.1,14.7
"153","AR","Howard County",17.1,37.3,30.8,14.7
"154","AR","Independence County",14.2,35.8,31,18.9
"155","AR","Izard County",14.9,37.8,33.5,13.8
"156","AR","Jackson County",21.1,41.1,27.7,10.2
"157","AR","Jefferson County",14,38.5,29.7,17.8
"158","AR","Johnson County",20.6,41.2,22.3,15.8
"159","AR","Lafayette County",18.3,41.3,24,16.5
"160","AR","Lawrence County",14.5,40.4,30.1,15
"161","AR","Lee County",27,40.8,23.3,8.9
"162","AR","Lincoln County",18.7,50.3,22.1,8.9
"163","AR","Little River County",11.8,42.7,34,11.4
"164","AR","Logan County",14.9,45,28,12.1
"165","AR","Lonoke County",11.3,35.1,33.3,20.3
"166","AR","Madison County",20.3,45.6,21.6,12.5
"167","AR","Marion County",13.1,36.8,32.8,17.2
"168","AR","Miller County",14,35.9,33.5,16.6
"169","AR","Mississippi County",19.3,38.6,29.3,12.8
"170","AR","Monroe County",22.9,43,23.6,10.5
"171","AR","Montgomery County",21.8,36.5,30.9,10.8
"172","AR","Nevada County",13.2,43.8,27.6,15.4
"173","AR","Newton County",17.4,40.8,25.6,16.2
"174","AR","Ouachita County",14.4,41.6,28,16
"175","AR","Perry County",16.6,40.7,30.8,11.9
"176","AR","Phillips County",21.6,30.1,34.3,14
"177","AR","Pike County",15.2,38.9,31.2,14.7
"178","AR","Poinsett County",19.4,44.3,26.3,10.1
"179","AR","Polk County",15.4,37.4,34,13.3
"180","AR","Pope County",15.2,35.5,27.4,22
"181","AR","Prairie County",17.8,40,27.1,15.1
"182","AR","Pulaski County",9.6,26.2,30.2,34.1
"183","AR","Randolph County",17.3,35.6,33.1,14
"184","AR","St. Francis County",19.4,38.8,31.2,10.6
"185","AR","Saline County",9.6,31.5,32.9,26.1
"186","AR","Scott County",21.1,43,26.8,9.1
"187","AR","Searcy County",15.5,45.1,26.9,12.5
"188","AR","Sebastian County",16.8,32,31.4,19.7
"189","AR","Sevier County",25.7,36.1,26.7,11.5
"190","AR","Sharp County",16.4,42,30.3,11.3
"191","AR","Stone County",20.4,36.3,30.5,12.8
"192","AR","Union County",15.2,35.2,28.7,20.8
"193","AR","Van Buren County",14.2,43.9,27.8,14.1
"194","AR","Washington County",15,26.3,25.8,32.8
"195","AR","White County",14.6,38.4,25.6,21.4
"196","AR","Woodruff County",20,42.5,25.5,12
"197","AR","Yell County",19.9,40.9,25.7,13.5
"198","CA","California",17.1,20.6,29.1,33.3
"199","CA","Alameda County",12,17.6,24.4,46
"200","CA","Alpine County",11.1,28.7,30.2,30
"201","CA","Amador County",9.7,28.7,41.3,20.3
"202","CA","Butte County",10.7,22.7,40,26.5
"203","CA","Calaveras County",9.6,27.6,44,18.7
"204","CA","Colusa County",30.6,23.7,30.3,15.4
"205","CA","Contra Costa County",10.6,17.6,30.1,41.7
"206","CA","Del Norte County",19,31.5,35.2,14.3
"207","CA","El Dorado County",6.9,21.2,38.2,33.7
"208","CA","Fresno County",24.7,22.9,31.7,20.7
"209","CA","Glenn County",24.7,28.2,33.2,13.9
"210","CA","Humboldt County",9.7,23.5,37.1,29.8
"211","CA","Imperial County",31,24.5,30,14.5
"212","CA","Inyo County",11.2,29.3,33.5,26.1
"213","CA","Kern County",26.2,27.7,30,16.1
"214","CA","Kings County",26.3,25.5,34.7,13.5
"215","CA","Lake County",14.8,30.1,39.3,15.8
"216","CA","Lassen County",17.2,33.2,37.5,12
"217","CA","Los Angeles County",21.3,20.7,26.2,31.8
"218","CA","Madera County",28.1,25,32.4,14.5
"219","CA","Marin County",6.8,10.9,23.5,58.8
"220","CA","Mariposa County",9.6,26.5,40.4,23.4
"221","CA","Mendocino County",13.1,25.8,36.5,24.7
"222","CA","Merced County",30.6,25.8,29.6,14
"223","CA","Modoc County",14.4,32.3,37.4,15.9
"224","CA","Mono County",11.3,22.8,35.3,30.6
"225","CA","Monterey County",28.7,20.4,26.4,24.5
"226","CA","Napa County",14.9,18,32.2,34.9
"227","CA","Nevada County",5.8,18.4,39.2,36.6
"228","CA","Orange County",14.9,17.1,28.1,39.9
"229","CA","Placer County",5.4,18.2,37.8,38.6
"230","CA","Plumas County",6.1,25.2,45.2,23.5
"231","CA","Riverside County",18.3,26.9,33,21.8
"232","CA","Sacramento County",12.6,22.3,34.6,30.4
"233","CA","San Benito County",20.1,24.8,35.4,19.7
"234","CA","San Bernardino County",20.5,26.5,32.8,20.3
"235","CA","San Diego County",12.9,18.4,30.6,38.1
"236","CA","San Francisco County",11.5,12.3,19.1,57.1
"237","CA","San Joaquin County",21.1,28.2,32.2,18.4
"238","CA","San Luis Obispo County",9.1,19.8,36.4,34.6
"239","CA","San Mateo County",10.8,15,24.2,49.9
"240","CA","Santa Barbara County",19,17.9,29.2,33.8
"241","CA","Santa Clara County",11.9,14.5,22.3,51.3
"242","CA","Santa Cruz County",13.6,15.8,30.6,40
"243","CA","Shasta County",9.2,24.8,43.8,22.2
"244","CA","Sierra County",6.7,26.6,48,18.7
"245","CA","Siskiyou County",10,25.5,41.9,22.5
"246","CA","Solano County",12,23.3,38.5,26.2
"247","CA","Sonoma County",12,18.8,34.4,34.9
"248","CA","Stanislaus County",21.7,28.6,32.8,16.9
"249","CA","Sutter County",22,23.9,36.4,17.7
"250","CA","Tehama County",15.6,30.7,38.2,15.5
"251","CA","Trinity County",9.4,33.4,37.6,19.7
"252","CA","Tulare County",30.2,26,29.5,14.3
"253","CA","Tuolumne County",9.6,28.4,42,20
"254","CA","Ventura County",15.6,18.9,32.4,33.1
"255","CA","Yolo County",13.6,18.5,26.3,41.6
"256","CA","Yuba County",18,23.1,42.3,16.7
"257","CO","Colorado",8.6,21.4,29.8,40.1
"258","CO","Adams County",17,28.4,31,23.6
"259","CO","Alamosa County",13.5,27.3,33.1,26.1
"260","CO","Arapahoe County",7.6,20.7,29.5,42.2
"261","CO","Archuleta County",8,21.5,31.7,38.9
"262","CO","Baca County",15.2,27.3,35.3,22.1
"263","CO","Bent County",14.2,48.6,24.7,12.4
"264","CO","Boulder County",4.9,12.3,22,60.8
"265","CO","Broomfield County",3.2,14.7,26.7,55.5
"266","CO","Chaffee County",7.1,26.7,32.6,33.5
"267","CO","Cheyenne County",9.9,36.4,33.8,20
"268","CO","Clear Creek County",1.7,20.9,30.9,46.5
"269","CO","Conejos County",13.4,32.4,34,20.2
"270","CO","Costilla County",21.5,23.8,35.6,19.1
"271","CO","Crowley County",15.2,41.7,33.5,9.6
"272","CO","Custer County",7,21,35.1,36.9
"273","CO","Delta County",9.6,38.2,31,21.2
"274","CO","Denver County",12.9,17,22.2,47.9
"275","CO","Dolores County",8.2,38.3,32.2,21.3
"276","CO","Douglas County",2,12.2,27.9,57.9
"277","CO","Eagle County",10.7,15.7,25.4,48.1
"278","CO","Elbert County",3.3,24.6,36.2,35.9
"279","CO","El Paso County",6.3,20.2,35.6,37.9
"280","CO","Fremont County",9.7,39.8,32.3,18.2
"281","CO","Garfield County",12.2,28.5,29.2,30
"282","CO","Gilpin County",2.4,22,36.8,38.7
"283","CO","Grand County",4.5,26.5,31.2,37.8
"284","CO","Gunnison County",2.8,16,25.9,55.3
"285","CO","Hinsdale County",6.2,25.7,24.3,43.9
"286","CO","Huerfano County",8.5,28.7,41.3,21.4
"287","CO","Jackson County",12.4,29.6,41.1,16.8
"288","CO","Jefferson County",5.6,20.6,29.7,44.1
"289","CO","Kiowa County",4.1,38,36.5,21.5
"290","CO","Kit Carson County",11.5,37.7,31.8,18.9
"291","CO","Lake County",14.5,27.1,24.4,34
"292","CO","La Plata County",5,20.3,30.8,43.9
"293","CO","Larimer County",4.2,19.2,30.2,46.3
"294","CO","Las Animas County",12.2,28.8,39.3,19.7
"295","CO","Lincoln County",9.7,53.1,24.4,12.8
"296","CO","Logan County",10.5,32.7,36.3,20.5
"297","CO","Mesa County",9.9,27.3,35.4,27.4
"298","CO","Mineral County",3.2,19.3,37.6,39.9
"299","CO","Moffat County",9.1,40.4,33.5,17.1
"300","CO","Montezuma County",10.5,29.4,31.5,28.6
"301","CO","Montrose County",11.2,31.8,33.1,23.9
"302","CO","Morgan County",19.9,31.1,31.4,17.6
"303","CO","Otero County",14.6,29.2,38.4,17.7
"304","CO","Ouray County",1.6,18.2,31.6,48.6
"305","CO","Park County",3,29.9,36.9,30.2
"306","CO","Phillips County",11.8,27.6,35.1,25.5
"307","CO","Pitkin County",3.7,14.8,18.4,63.1
"308","CO","Prowers County",17.9,25.9,38.8,17.4
"309","CO","Pueblo County",10.6,28.7,38.8,22
"310","CO","Rio Blanco County",7.2,33.7,38.8,20.2
"311","CO","Rio Grande County",15.7,30.2,30.4,23.7
"312","CO","Routt County",3.2,19.7,26.6,50.4
"313","CO","Saguache County",19.6,29.8,27.8,22.9
"314","CO","San Juan County",7.1,26.7,31.7,34.5
"315","CO","San Miguel County",5,15.2,23.2,56.7
"316","CO","Sedgwick County",9.9,30,39.3,20.8
"317","CO","Summit County",6.7,19,23.3,51
"318","CO","Teller County",4.2,25.5,36.2,34
"319","CO","Washington County",7.5,32,44.3,16.2
"320","CO","Weld County",11.9,27.5,33.8,26.7
"321","CO","Yuma County",11.9,33.5,32.5,22.1
"322","CT","Connecticut",9.5,27.1,24.5,38.9
"323","CT","Fairfield County",10.1,21.7,20.9,47.4
"324","CT","Hartford County",10.5,26.9,24.9,37.8
"325","CT","Litchfield County",7.4,29.7,27.8,35.1
"326","CT","Middlesex County",5.8,26.1,26.6,41.5
"327","CT","New Haven County",9.9,30.9,24.3,34.9
"328","CT","New London County",8.1,29.8,28.8,33.3
"329","CT","Tolland County",5.4,27.5,25.9,41.2
"330","CT","Windham County",11.4,33,31.5,24.1
"331","DE","Delaware",10.2,31.6,26.8,31.4
"332","DE","Kent County",12.9,33.2,30.4,23.6
"333","DE","New Castle County",8.5,30.6,25,35.9
"334","DE","Sussex County",12.3,32.8,28.4,26.5
"335","DC","District of Columbia",9.4,17.2,15.9,57.6
"336","DC","District of Columbia",9.4,17.2,15.9,57.6
"337","FL","Florida",12,28.8,30,29.2
"338","FL","Alachua County",7.6,21.7,28.1,42.5
"339","FL","Baker County",15.5,42.8,28.4,13.4
"340","FL","Bay County",9.7,31.4,36.1,22.8
"341","FL","Bradford County",21.7,39.7,28,10.6
"342","FL","Brevard County",8,28.6,34.1,29.3
"343","FL","Broward County",11.2,27.4,29.5,31.9
"344","FL","Calhoun County",21.9,41.9,26.3,9.9
"345","FL","Charlotte County",9.7,33.8,33.3,23.2
"346","FL","Citrus County",11.9,38.3,32.1,17.6
"347","FL","Clay County",8.9,31.6,35.5,24.1
"348","FL","Collier County",13.6,25.4,24.8,36.2
"349","FL","Columbia County",13.3,36.1,35,15.6
"350","FL","DeSoto County",27.3,43.1,18.1,11.4
"351","FL","Dixie County",20.7,44.7,25.2,9.4
"352","FL","Duval County",10.5,27.9,32.5,29.2
"353","FL","Escambia County",9.2,27.3,37.1,26.4
"354","FL","Flagler County",8,33.9,33.7,24.4
"355","FL","Franklin County",19.7,35.7,27.4,17.1
"356","FL","Gadsden County",20.7,36.6,26.1,16.7
"357","FL","Gilchrist County",14.1,42.2,29.6,14.2
"358","FL","Glades County",24.4,40.6,25.1,9.9
"359","FL","Gulf County",15.1,37.3,29.9,17.7
"360","FL","Hamilton County",23.9,44,22.8,9.3
"361","FL","Hardee County",24.2,47.9,17.4,10.4
"362","FL","Hendry County",34.3,34.8,22.7,8.2
"363","FL","Hernando County",12.6,36.4,33.5,17.5
"364","FL","Highlands County",15.3,38,29.8,17
"365","FL","Hillsborough County",11.6,27.1,28.6,32.7
"366","FL","Holmes County",22.6,39,28.1,10.3
"367","FL","Indian River County",11.3,29.7,30.6,28.3
"368","FL","Jackson County",19.3,37.4,29.8,13.4
"369","FL","Jefferson County",17.9,33.3,26.7,22
"370","FL","Lafayette County",23.9,40.8,19.6,15.8
"371","FL","Lake County",10.7,32.9,33.7,22.7
"372","FL","Lee County",12,30.8,29.4,27.8
"373","FL","Leon County",6.4,19.1,28.8,45.7
"374","FL","Levy County",15.7,41.1,30.5,12.6
"375","FL","Liberty County",18.6,47.9,20.8,12.7
"376","FL","Madison County",19.3,38.1,28.8,13.8
"377","FL","Manatee County",10.8,30.4,29.5,29.3
"378","FL","Marion County",12.7,37.5,30.5,19.4
"379","FL","Martin County",9.5,25.2,32.4,33
"380","FL","Miami-Dade County",18.5,27.7,24.9,28.8
"381","FL","Monroe County",8.7,27.3,30.7,33.3
"382","FL","Nassau County",8.6,32.7,30.4,28.2
"383","FL","Okaloosa County",8.2,24.7,36.5,30.6
"384","FL","Okeechobee County",25,38.4,25.2,11.4
"385","FL","Orange County",11.5,24.5,30.1,33.8
"386","FL","Osceola County",13.2,31.9,34.3,20.5
"387","FL","Palm Beach County",11.8,24.5,28,35.7
"388","FL","Pasco County",11,33.1,32.5,23.4
"389","FL","Pinellas County",8.9,28.3,31.9,31
"390","FL","Polk County",15.2,35.4,29.4,20
"391","FL","Putnam County",19.1,40.7,27.8,12.4
"392","FL","St. Johns County",5.4,21.4,29.4,43.7
"393","FL","St. Lucie County",13.9,33.7,32.1,20.3
"394","FL","Santa Rosa County",8.4,27.2,36.3,28.1
"395","FL","Sarasota County",7.2,29.1,29.1,34.7
"396","FL","Seminole County",5.7,21.7,34.3,38.2
"397","FL","Sumter County",8.4,30.2,30.2,31.1
"398","FL","Suwannee County",18.5,39.3,27.5,14.7
"399","FL","Taylor County",22.6,43.3,26.8,7.4
"400","FL","Union County",23.1,37.9,30.7,8.3
"401","FL","Volusia County",10,32.2,34.2,23.6
"402","FL","Wakulla County",12.1,35.9,33.6,18.4
"403","FL","Walton County",11.5,27.6,32.5,28.4
"404","FL","Washington County",18.8,41.5,28,11.7
"405","GA","Georgia",13.3,27.9,28.2,30.7
"406","GA","Appling County",25.5,38.3,26.5,9.7
"407","GA","Atkinson County",30.9,40.3,18.9,9.9
"408","GA","Bacon County",18.5,41.9,29.6,10.1
"409","GA","Baker County",21.7,38.9,27.1,12.3
"410","GA","Baldwin County",15.6,36.4,27.1,20.9
"411","GA","Banks County",22.9,40.6,23.6,12.8
"412","GA","Barrow County",17,34.4,31.1,17.6
"413","GA","Bartow County",17,33,30.6,19.5
"414","GA","Ben Hill County",17.3,44.2,26.4,12
"415","GA","Berrien County",21.9,42.3,23.9,11.8
"416","GA","Bibb County",14.3,31.6,28.5,25.7
"417","GA","Bleckley County",12.4,41.7,28.7,17.2
"418","GA","Brantley County",20,46.6,25.2,8.2
"419","GA","Brooks County",17.2,38.1,29.5,15.2
"420","GA","Bryan County",8.1,25.6,33.8,32.6
"421","GA","Bulloch County",13.1,27.3,32.2,27.4
"422","GA","Burke County",20.8,37.4,29.1,12.6
"423","GA","Butts County",20.8,44,23.8,11.4
"424","GA","Calhoun County",25.7,39.3,25.7,9.4
"425","GA","Camden County",8.2,31.5,35.8,24.5
"426","GA","Candler County",23.4,36.1,26.4,14.1
"427","GA","Carroll County",16.3,33.2,30,20.6
"428","GA","Catoosa County",12.6,32.4,34.3,20.8
"429","GA","Charlton County",26.7,39.1,23.7,10.5
"430","GA","Chatham County",10.4,24.3,32.1,33.2
"431","GA","Chattahoochee County",7.2,25.9,33.6,33.4
"432","GA","Chattooga County",26.9,38.7,24.5,9.8
"433","GA","Cherokee County",8.6,22.8,31.6,37
"434","GA","Clarke County",12.9,21.1,23.3,42.7
"435","GA","Clay County",20.2,42.3,29.5,7.9
"436","GA","Clayton County",15.3,32.9,32.3,19.5
"437","GA","Clinch County",29.2,31.7,28,11.1
"438","GA","Cobb County",8.2,18.7,26.6,46.5
"439","GA","Coffee County",22.6,38.6,25.6,13.2
"440","GA","Colquitt County",26.2,39.4,22,12.5
"441","GA","Columbia County",7.4,24.9,32.6,35.1
"442","GA","Cook County",20.1,34.4,30,15.5
"443","GA","Coweta County",11.2,28.6,30.3,29.8
"444","GA","Crawford County",16.5,39.4,33.8,10.3
"445","GA","Crisp County",19.9,39.1,27.3,13.7
"446","GA","Dade County",20.9,35.8,29.5,13.9
"447","GA","Dawson County",14,28.6,27.1,30.4
"448","GA","Decatur County",18.4,36.1,30.9,14.6
"449","GA","DeKalb County",11,20.8,24.8,43.4
"450","GA","Dodge County",16.8,42.3,27.3,13.7
"451","GA","Dooly County",24.8,39.6,24.3,11.3
"452","GA","Dougherty County",17.5,29,32.1,21.4
"453","GA","Douglas County",12,30.7,30.1,27.1
"454","GA","Early County",19.9,36,28.5,15.6
"455","GA","Echols County",28.5,38.2,24.5,8.8
"456","GA","Effingham County",12,37.8,30.1,20.1
"457","GA","Elbert County",22.6,43.1,23.5,10.8
"458","GA","Emanuel County",20.8,42.9,23.9,12.4
"459","GA","Evans County",25.7,37.5,21.4,15.5
"460","GA","Fannin County",13.3,34.3,31.2,21.3
"461","GA","Fayette County",5.2,20.7,27.5,46.5
"462","GA","Floyd County",19,33.1,27.5,20.4
"463","GA","Forsyth County",7.2,16.6,24.5,51.7
"464","GA","Franklin County",20,40.1,26.3,13.5
"465","GA","Fulton County",7.9,18.3,22.4,51.4
"466","GA","Gilmer County",18.1,36.4,25.4,20
"467","GA","Glascock County",22.6,42.1,26.2,9
"468","GA","Glynn County",12.1,27,31.3,29.6
"469","GA","Gordon County",22.3,35.2,28.1,14.4
"470","GA","Grady County",19.7,37.8,28.3,14.1
"471","GA","Greene County",16.8,33.6,23.7,25.8
"472","GA","Gwinnett County",12.3,22.8,28.8,36.1
"473","GA","Habersham County",21.8,33.7,25.8,18.7
"474","GA","Hall County",21.6,27.5,26.9,24
"475","GA","Hancock County",28.5,42.9,19.8,8.8
"476","GA","Haralson County",19.3,36.6,30.1,14
"477","GA","Harris County",9.2,23.5,37.4,29.9
"478","GA","Hart County",19.6,36.7,28.6,15.1
"479","GA","Heard County",20.7,43.5,26,9.8
"480","GA","Henry County",9.6,31.1,31,28.3
"481","GA","Houston County",9.1,27.2,36.4,27.3
"482","GA","Irwin County",18.4,40.6,26.7,14.3
"483","GA","Jackson County",16.3,32.3,30.4,21
"484","GA","Jasper County",21.4,38.9,28.9,10.8
"485","GA","Jeff Davis County",22.3,40.4,27.3,10
"486","GA","Jefferson County",24.9,41.3,22.8,11
"487","GA","Jenkins County",20.7,40.5,29.5,9.3
"488","GA","Johnson County",22.8,44,22.8,10.4
"489","GA","Jones County",12.6,36.7,30.6,20.1
"490","GA","Lamar County",13.3,40.1,29.5,17.1
"491","GA","Lanier County",20.6,35.7,27.3,16.4
"492","GA","Laurens County",14.9,43.4,26.2,15.6
"493","GA","Lee County",9.4,30.8,34.2,25.6
"494","GA","Liberty County",9.1,32,40.6,18.3
"495","GA","Lincoln County",17.6,41.4,27.6,13.5
"496","GA","Long County",14.8,31.5,38.1,15.5
"497","GA","Lowndes County",14.9,30,29.6,25.6
"498","GA","Lumpkin County",16.3,29.2,28.3,26.2
"499","GA","McDuffie County",17.8,40.5,27.9,13.7
"500","GA","McIntosh County",13.7,38.1,32.6,15.6
"501","GA","Macon County",27.2,34.1,30.1,8.6
"502","GA","Madison County",16.7,38,27.2,18
"503","GA","Marion County",23.1,38.1,25.8,13.1
"504","GA","Meriwether County",20.9,38.9,28.8,11.5
"505","GA","Miller County",17.7,38.1,31.9,12.3
"506","GA","Mitchell County",25.3,38.2,25.5,11.1
"507","GA","Monroe County",15,33.9,24.8,26.3
"508","GA","Montgomery County",18.3,39,28.5,14.1
"509","GA","Morgan County",13.5,34.8,30.9,20.8
"510","GA","Murray County",30.7,37.8,22.2,9.4
"511","GA","Muscogee County",12.7,27.3,33.9,26.2
"512","GA","Newton County",14.2,33.6,32.6,19.6
"513","GA","Oconee County",5.5,19.6,23.7,51.1
"514","GA","Oglethorpe County",20.6,36.6,25.8,16.9
"515","GA","Paulding County",9.9,33.1,32.8,24.1
"516","GA","Peach County",16,29,35.5,19.4
"517","GA","Pickens County",15.1,29.1,32.1,23.7
"518","GA","Pierce County",16.3,44,27.7,11.9
"519","GA","Pike County",13,40.9,30.1,15.9
"520","GA","Polk County",20.9,39.6,27.3,12.2
"521","GA","Pulaski County",19.6,37.5,30.5,12.4
"522","GA","Putnam County",14.6,37.5,25.7,22.2
"523","GA","Quitman County",32.4,34.3,24.2,9.1
"524","GA","Rabun County",15.8,34,25.4,24.8
"525","GA","Randolph County",24.2,37.2,27,11.7
"526","GA","Richmond County",16.6,30.7,31.3,21.3
"527","GA","Rockdale County",11.8,31.5,30.2,26.5
"528","GA","Schley County",15.7,35.3,36.1,12.9
"529","GA","Screven County",16.9,42.7,26.2,14.2
"530","GA","Seminole County",14.5,39.6,31.5,14.4
"531","GA","Spalding County",18.1,39.4,26.1,16.4
"532","GA","Stephens County",16.5,36.7,24.6,22.1
"533","GA","Stewart County",28.4,42.2,18.2,11.2
"534","GA","Sumter County",19.3,33.2,28.8,18.6
"535","GA","Talbot County",19.5,44.3,24.1,12
"536","GA","Taliaferro County",28.8,47.8,16.4,7
"537","GA","Tattnall County",24.6,39.1,23.2,13.2
"538","GA","Taylor County",21.8,37.5,29.5,11.2
"539","GA","Telfair County",29.7,45.9,16.1,8.4
"540","GA","Terrell County",23.4,31.9,32.4,12.3
"541","GA","Thomas County",17.4,30.9,28.7,23.1
"542","GA","Tift County",18.2,34.5,30.8,16.5
"543","GA","Toombs County",19.1,38.5,26.6,15.8
"544","GA","Towns County",10.8,30.8,32.2,26.2
"545","GA","Treutlen County",25.5,38.9,21.9,13.6
"546","GA","Troup County",17.1,34.3,30.1,18.5
"547","GA","Turner County",17.6,40.4,29.5,12.5
"548","GA","Twiggs County",29.2,37.6,23.8,9.4
"549","GA","Union County",11.1,34.2,32.3,22.4
"550","GA","Upson County",20.1,35.9,30.3,13.7
"551","GA","Walker County",18.1,36.2,29.7,15.9
"552","GA","Walton County",12.7,37.8,29.6,19.9
"553","GA","Ware County",17.1,40.9,28.2,13.9
"554","GA","Warren County",26.5,42.4,17.7,13.4
"555","GA","Washington County",19.8,42.5,23.7,14
"556","GA","Wayne County",18.1,40.6,28.5,12.9
"557","GA","Webster County",22.5,44.8,21,11.7
"558","GA","Wheeler County",22,48.7,16.4,12.8
"559","GA","White County",14.9,31.6,32.1,21.4
"560","GA","Whitfield County",30.6,28.9,24.7,15.7
"561","GA","Wilcox County",17.7,48.4,22.5,11.4
"562","GA","Wilkes County",19.5,44.8,23.1,12.6
"563","GA","Wilkinson County",15.5,52.3,21.6,10.6
"564","GA","Worth County",18.7,41.8,29.1,10.4
"565","HI","Hawaii",8.2,27.7,31.7,32.5
"566","HI","Hawaii County",7.6,30.4,32.5,29.5
"567","HI","Honolulu County",8.3,26.2,31.1,34.3
"568","HI","Kalawao County",13,27.5,34.8,24.6
"569","HI","Kauai County",8.2,30.1,32.2,29.5
"570","HI","Maui County",8,31.8,33.6,26.6
"571","ID","Idaho",9.4,27.7,35.9,26.9
"572","ID","Ada County",4.9,23,34.4,37.8
"573","ID","Adams County",10.4,37.7,32.9,19.1
"574","ID","Bannock County",8.1,26.5,38.2,27.2
"575","ID","Bear Lake County",6.2,38.8,34.7,20.3
"576","ID","Benewah County",11.7,38.9,34.2,15.1
"577","ID","Bingham County",12.5,30,36.8,20.7
"578","ID","Blaine County",11.6,22.1,28.1,38.2
"579","ID","Boise County",6.3,27.4,39.2,27.2
"580","ID","Bonner County",9.2,30.5,37.3,23.1
"581","ID","Bonneville County",8.3,26.1,35.5,30.1
"582","ID","Boundary County",8,41.1,31.9,19
"583","ID","Butte County",5,36.9,40,18.2
"584","ID","Camas County",6.4,38,36.1,19.5
"585","ID","Canyon County",15.4,32,34.3,18.3
"586","ID","Caribou County",7.8,32.6,39.8,19.9
"587","ID","Cassia County",17.5,29.9,33.9,18.6
"588","ID","Clark County",39.2,23.6,21.6,15.5
"589","ID","Clearwater County",10.5,34.8,37.8,16.9
"590","ID","Custer County",10.6,29.8,36.5,23
"591","ID","Elmore County",10.6,28,44.9,16.4
"592","ID","Franklin County",8.8,36.3,36.8,18.1
"593","ID","Fremont County",12.3,32,34.8,20.9
"594","ID","Gem County",12.1,39.2,33.9,14.8
"595","ID","Gooding County",20.2,37.2,27.4,15.2
"596","ID","Idaho County",9.4,35.1,35.3,20.2
"597","ID","Jefferson County",10.9,27.7,38.8,22.6
"598","ID","Jerome County",22.3,32.7,30.1,14.9
"599","ID","Kootenai County",7.5,27.1,40.4,24.9
"600","ID","Latah County",3.7,19.9,31.3,45.1
"601","ID","Lemhi County",7.8,32,39.1,21.1
"602","ID","Lewis County",11.5,29.4,41.8,17.3
"603","ID","Lincoln County",20.6,34.6,34.7,10.1
"604","ID","Madison County",4.1,15.7,43.9,36.4
"605","ID","Minidoka County",21.6,29.6,35.5,13.4
"606","ID","Nez Perce County",7.7,32.9,37.5,21.9
"607","ID","Oneida County",9,37,38.5,15.5
"608","ID","Owyhee County",25,34.3,29.5,11.2
"609","ID","Payette County",15,33.7,37.1,14.2
"610","ID","Power County",19.1,33.9,31,15.9
"611","ID","Shoshone County",14.4,38.5,35.5,11.6
"612","ID","Teton County",7.1,16.2,35.2,41.5
"613","ID","Twin Falls County",12.2,27.9,39.3,20.6
"614","ID","Valley County",5.4,29.9,34.7,30.1
"615","ID","Washington County",14.1,36.5,34.6,14.8
"616","IL","Illinois",11.1,26.1,28.7,34.1
"617","IL","Adams County",7.4,34.5,33.3,24.8
"618","IL","Alexander County",19.1,37.8,31.8,11.3
"619","IL","Bond County",10.3,36.8,31.1,21.8
"620","IL","Boone County",13.8,35.2,27.7,23.2
"621","IL","Brown County",15.7,36.8,33.7,13.7
"622","IL","Bureau County",8.4,38.4,33.5,19.7
"623","IL","Calhoun County",9.4,43.6,33.4,13.6
"624","IL","Carroll County",8.6,41.5,31.8,18.1
"625","IL","Cass County",16,43.2,26.2,14.6
"626","IL","Champaign County",4.9,21.7,29,44.4
"627","IL","Christian County",11.2,41.9,30.3,16.6
"628","IL","Clark County",9.1,38.8,34.5,17.6
"629","IL","Clay County",10.1,37.2,37.6,15.2
"630","IL","Clinton County",10.1,32.2,35.2,22.5
"631","IL","Coles County",9.5,30,34.9,25.6
"632","IL","Cook County",13.3,23.3,25.4,38
"633","IL","Crawford County",13.1,29.9,40.4,16.6
"634","IL","Cumberland County",10.4,40.1,33.8,15.8
"635","IL","DeKalb County",7.6,25.5,35.5,31.4
"636","IL","De Witt County",8.9,36.9,32.8,21.3
"637","IL","Douglas County",17.7,32.7,30.7,19
"638","IL","DuPage County",7.4,18.3,25.5,48.8
"639","IL","Edgar County",10.8,38.3,34.1,16.7
"640","IL","Edwards County",8.5,35.1,42.5,13.9
"641","IL","Effingham County",7.4,36.4,33.8,22.5
"642","IL","Fayette County",17,39.7,31.6,11.7
"643","IL","Ford County",10,36,33.8,20.2
"644","IL","Franklin County",12.3,32.7,39.1,15.9
"645","IL","Fulton County",11.9,34.6,35.9,17.6
"646","IL","Gallatin County",12,40.7,37.4,9.9
"647","IL","Greene County",12.1,44.4,31.1,12.4
"648","IL","Grundy County",6.9,33,36.5,23.6
"649","IL","Hamilton County",11.5,33.8,36.4,18.3
"650","IL","Hancock County",6.8,38.1,33.8,21.3
"651","IL","Hardin County",18.9,32.9,37,11.2
"652","IL","Henderson County",9.9,43.5,31.2,15.4
"653","IL","Henry County",9.8,33.8,33.7,22.6
"654","IL","Iroquois County",10.8,39.9,33.8,15.4
"655","IL","Jackson County",7.8,23.7,32.5,36
"656","IL","Jasper County",10.7,40.2,31.6,17.5
"657","IL","Jefferson County",14,30.6,38,17.4
"658","IL","Jersey County",8.3,37.5,33.8,20.5
"659","IL","Jo Daviess County",8.2,37.1,30.9,23.8
"660","IL","Johnson County",17.8,31.5,34.2,16.5
"661","IL","Kane County",15.9,22.5,28.4,33.1
"662","IL","Kankakee County",12.1,33.6,33.3,21
"663","IL","Kendall County",7.9,23.4,33.3,35.4
"664","IL","Knox County",11.2,36.2,34.1,18.5
"665","IL","Lake County",9.4,21.1,24.4,45
"666","IL","La Salle County",11.3,35.6,35.1,17.9
"667","IL","Lawrence County",15.3,37,34.2,13.5
"668","IL","Lee County",11.2,34.2,37,17.7
"669","IL","Livingston County",10.7,43.1,30.5,15.7
"670","IL","Logan County",11.1,35,33.6,20.4
"671","IL","McDonough County",6.5,30.6,30.5,32.4
"672","IL","McHenry County",7.2,26.2,33,33.7
"673","IL","McLean County",4.1,25.1,26,44.8
"674","IL","Macon County",9.7,34.4,33.3,22.5
"675","IL","Macoupin County",9,38.6,33.1,19.4
"676","IL","Madison County",7.9,30.7,35.6,25.8
"677","IL","Marion County",11.2,35.2,38.6,15
"678","IL","Marshall County",7.2,41.4,34.6,16.8
"679","IL","Mason County",11.2,44.2,29.3,15.4
"680","IL","Massac County",13.8,34.2,38.8,13.2
"681","IL","Menard County",6.6,36.7,33.6,23.1
"682","IL","Mercer County",8.6,39.3,34.4,17.8
"683","IL","Monroe County",4,29.2,34.3,32.5
"684","IL","Montgomery County",13.4,39.9,31.1,15.6
"685","IL","Morgan County",8.3,40.7,31.1,19.9
"686","IL","Moultrie County",14.7,33.2,32.6,19.5
"687","IL","Ogle County",10.1,33.6,36.2,20
"688","IL","Peoria County",9.6,27,33.1,30.4
"689","IL","Perry County",15.6,38.6,34.1,11.7
"690","IL","Piatt County",6.4,34.1,31.6,27.9
"691","IL","Pike County",11.3,41.2,32.3,15.1
"692","IL","Pope County",14,34.4,38.1,13.4
"693","IL","Pulaski County",14.3,34.2,39.2,12.3
"694","IL","Putnam County",7.7,38.5,39.2,14.6
"695","IL","Randolph County",16.6,39.3,31.4,12.8
"696","IL","Richland County",12.2,29.9,36.7,21.3
"697","IL","Rock Island County",11.1,29.9,35.8,23.2
"698","IL","St. Clair County",9.2,28.6,34.9,27.3
"699","IL","Saline County",13.6,28.5,40.2,17.8
"700","IL","Sangamon County",7.6,27.9,30.3,34.2
"701","IL","Schuyler County",10.2,37.8,33.8,18.2
"702","IL","Scott County",7.4,48.7,29,15
"703","IL","Shelby County",7.8,44.9,30.5,16.9
"704","IL","Stark County",9.1,39.7,33.8,17.5
"705","IL","Stephenson County",7.1,36,37.7,19.3
"706","IL","Tazewell County",7.4,31.9,34.3,26.4
"707","IL","Union County",12.3,33,32,22.8
"708","IL","Vermilion County",11.9,41.1,31.9,15.1
"709","IL","Wabash County",9.5,30.8,42.6,17.2
"710","IL","Warren County",12.3,32.8,32,23
"711","IL","Washington County",7.9,33.6,37.9,20.6
"712","IL","Wayne County",11.6,36.3,37.5,14.6
"713","IL","White County",8.7,38.4,37.8,15.2
"714","IL","Whiteside County",9.7,37.1,34.8,18.5
"715","IL","Will County",9.1,26.7,30.2,34
"716","IL","Williamson County",8.8,30.6,38,22.6
"717","IL","Winnebago County",12.3,32,33.1,22.6
"718","IL","Woodford County",5.5,32.1,30.9,31.6
"719","IN","Indiana",11.4,33.5,29.1,25.9
"720","IN","Adams County",15.9,39.7,29,15.3
"721","IN","Allen County",10.7,28.7,32.4,28.2
"722","IN","Bartholomew County",9.1,32.6,26,32.3
"723","IN","Benton County",10.5,43.2,29.4,16.9
"724","IN","Blackford County",10.6,48.1,27.7,13.6
"725","IN","Boone County",6.4,21.3,23.9,48.3
"726","IN","Brown County",8.8,32.6,31.2,27.4
"727","IN","Carroll County",10.8,40.7,31.2,17.2
"728","IN","Cass County",15.8,38.3,32,13.9
"729","IN","Clark County",10.8,34.2,34.1,20.9
"730","IN","Clay County",8.4,44.4,30.4,16.8
"731","IN","Clinton County",13.8,44.1,25.5,16.6
"732","IN","Crawford County",17.8,46.2,24.5,11.4
"733","IN","Daviess County",26.8,33.8,25.7,13.8
"734","IN","Dearborn County",9.4,40.2,28.8,21.6
"735","IN","Decatur County",9.1,43.8,27.5,19.6
"736","IN","DeKalb County",9.8,41.8,30.7,17.7
"737","IN","Delaware County",10.7,34.6,30.5,24.3
"738","IN","Dubois County",10,39.2,28.6,22.2
"739","IN","Elkhart County",18.8,35.2,26.8,19.2
"740","IN","Fayette County",17.4,43,28,11.6
"741","IN","Floyd County",9.7,30,30.7,29.5
"742","IN","Fountain County",11.3,44.2,29.5,15
"743","IN","Franklin County",11.8,42.8,25.6,19.8
"744","IN","Fulton County",12.6,40.3,32.7,14.4
"745","IN","Gibson County",9.1,39.7,33.8,17.4
"746","IN","Grant County",13,40.6,29.3,17.1
"747","IN","Greene County",12.3,41.7,31.2,14.8
"748","IN","Hamilton County",3.6,15.3,23.3,57.8
"749","IN","Hancock County",6.2,32.8,30.6,30.3
"750","IN","Harrison County",11,40.1,31.6,17.4
"751","IN","Hendricks County",6.6,27.2,29.8,36.3
"752","IN","Henry County",10.4,43.9,29.1,16.6
"753","IN","Howard County",11.1,36.5,31.2,21.2
"754","IN","Huntington County",9,42,30,19
"755","IN","Jackson County",13.4,43.5,27.5,15.5
"756","IN","Jasper County",11.8,42.3,31.1,14.9
"757","IN","Jay County",15.2,47.2,27,10.6
"758","IN","Jefferson County",9.9,42.3,29.9,17.9
"759","IN","Jennings County",14.6,45.9,28.5,11.1
"760","IN","Johnson County",8,31,29.2,31.8
"761","IN","Knox County",11.7,35.8,36,16.4
"762","IN","Kosciusko County",14.5,35.2,27.6,22.7
"763","IN","LaGrange County",36.3,32.4,20.9,10.4
"764","IN","Lake County",11.9,35,31,22.1
"765","IN","LaPorte County",11.7,39.3,31.1,17.9
"766","IN","Lawrence County",11.5,43.4,29.6,15.5
"767","IN","Madison County",11.9,39,31.1,18
"768","IN","Marion County",14.3,28,27.3,30.4
"769","IN","Marshall County",15.2,39,25.3,20.5
"770","IN","Martin County",14.5,43.2,28.9,13.4
"771","IN","Miami County",14.5,42.5,30.3,12.7
"772","IN","Monroe County",7.8,21.9,24.7,45.6
"773","IN","Montgomery County",10.5,41.3,30.1,18.1
"774","IN","Morgan County",12.3,40,30.8,16.9
"775","IN","Newton County",14.5,44.2,30.1,11.2
"776","IN","Noble County",15.9,40.7,29.2,14.3
"777","IN","Ohio County",12.3,45.6,28.3,13.7
"778","IN","Orange County",16.7,45.1,25.9,12.3
"779","IN","Owen County",14.8,42.6,29.9,12.6
"780","IN","Parke County",13.1,43.4,31.2,12.2
"781","IN","Perry County",10.6,47,27.5,14.9
"782","IN","Pike County",12.8,42.6,30.8,13.7
"783","IN","Porter County",6.9,34.5,30.4,28.2
"784","IN","Posey County",6.7,38.4,34.1,20.7
"785","IN","Pulaski County",11.8,47,28.7,12.5
"786","IN","Putnam County",10.8,43.8,29.3,16.1
"787","IN","Randolph County",13.2,42.5,30,14.3
"788","IN","Ripley County",10.6,43.5,27.8,18.1
"789","IN","Rush County",15.4,46,25.6,13
"790","IN","St. Joseph County",11.6,30.7,28.6,29.2
"791","IN","Scott County",16.1,44.2,27.8,11.9
"792","IN","Shelby County",12,42.7,25.9,19.4
"793","IN","Spencer County",9.9,44.9,30.3,14.9
"794","IN","Starke County",15.9,42.1,31.2,10.8
"795","IN","Steuben County",9.9,38.3,31.2,20.6
"796","IN","Sullivan County",11.3,44.7,33.2,10.8
"797","IN","Switzerland County",16.9,48.6,24.6,9.9
"798","IN","Tippecanoe County",8.3,25,29,37.7
"799","IN","Tipton County",11.6,41.1,24.3,23
"800","IN","Union County",11.4,48,23.7,16.9
"801","IN","Vanderburgh County",10.3,32.5,31,26.3
"802","IN","Vermillion County",9.7,44.2,32.8,13.4
"803","IN","Vigo County",11.9,32.2,31.4,24.5
"804","IN","Wabash County",11.7,42.5,27.4,18.4
"805","IN","Warren County",8.5,43.2,29.5,18.9
"806","IN","Warrick County",7,31.4,32,29.6
"807","IN","Washington County",15.4,43.6,27.7,13.2
"808","IN","Wayne County",13.2,38,30.5,18.2
"809","IN","Wells County",8.9,40,33,18.1
"810","IN","White County",11.4,41.4,30.5,16.8
"811","IN","Whitley County",7.3,39.7,32.1,20.9
"812","IA","Iowa",8,31.1,32.6,28.2
"813","IA","Adair County",5.8,43.1,35.7,15.4
"814","IA","Adams County",5.9,39.1,37.3,17.7
"815","IA","Allamakee County",12.3,38.9,30.2,18.5
"816","IA","Appanoose County",9.1,37,36.7,17.1
"817","IA","Audubon County",10.2,40.1,35.2,14.6
"818","IA","Benton County",6.1,36.3,34.9,22.6
"819","IA","Black Hawk County",8.7,30.2,32.5,28.6
"820","IA","Boone County",5.7,32.3,37.2,24.8
"821","IA","Bremer County",3.8,32.3,33.5,30.3
"822","IA","Buchanan County",5.9,38.9,34.6,20.6
"823","IA","Buena Vista County",22.2,29.5,28.7,19.6
"824","IA","Butler County",7.3,37.8,37.4,17.5
"825","IA","Calhoun County",6,36.4,38.1,19.5
"826","IA","Carroll County",6.5,36.3,35,22.2
"827","IA","Cass County",11.8,37.9,30.7,19.6
"828","IA","Cedar County",5.1,35.9,36,23
"829","IA","Cerro Gordo County",6.9,30.8,39.6,22.7
"830","IA","Cherokee County",7.4,35.9,35.2,21.4
"831","IA","Chickasaw County",7.7,43.5,31.8,16.9
"832","IA","Clarke County",10.9,41.4,30.8,16.9
"833","IA","Clay County",6.5,34.1,36.8,22.6
"834","IA","Clayton County",8.8,43.6,30.5,17.2
"835","IA","Clinton County",8.9,37.2,34.8,19.1
"836","IA","Crawford County",22.2,36,29,12.8
"837","IA","Dallas County",4.7,18,28,49.4
"838","IA","Davis County",16.8,33.8,28.9,20.5
"839","IA","Decatur County",11.3,37.6,27.6,23.5
"840","IA","Delaware County",8.7,43.1,31.6,16.6
"841","IA","Des Moines County",8.4,32.8,38.2,20.5
"842","IA","Dickinson County",4.2,28.1,36.4,31.3
"843","IA","Dubuque County",7.6,33,29,30.5
"844","IA","Emmet County",9.5,33.3,37,20.2
"845","IA","Fayette County",7.9,38.9,33.4,19.8
"846","IA","Floyd County",10.7,34,35.3,19.9
"847","IA","Franklin County",9.4,36,36.9,17.7
